5  #num of atoms to be specified
1 2 2    #i, l, s
spin 1
0.5899 0.0207 -0.0045 0.0455 0.0025
0.0207 0.971 -0.0039 -0.0028 -0.0004
-0.0045 -0.0039 0.9868 0.0019 -0.0014
0.0455 -0.0028 0.0019 0.9676 -0.0008
0.0025 -0.0004 -0.0014 -0.0008 0.9799
spin 2
0.4117 -0.0036 -0.0076 0.143 0.0283
-0.0036 0.3457 0.11 -0.0181 0.3802
-0.0076 0.11 0.2715 -0.0701 0.1503
0.143 -0.0181 -0.0701 0.9232 0.0284
0.0283 0.3802 0.1503 0.0284 0.6678

2 2 2    #i, l, s
spin 1
0.3739 0.0318 -0.0007 0.0047 0.0003
0.0318 0.9608 -0.0041 -0.0007 0.0006
-0.0007 -0.0041 0.3777 -0.0551 -0.0007
0.0047 -0.0007 -0.0551 0.9604 -0.0002
0.0003 0.0006 -0.0007 -0.0002 0.9681
spin 2
0.3812 0.0316 -0.0045 0.0301 0.0017
0.0316 0.965 -0.0298 -0.0045 0.0005
-0.0045 -0.0298 0.3832 -0.0552 0.014
0.0301 -0.0045 -0.0552 0.9577 0.0011
0.0017 0.0005 0.014 0.0011 0.9665

3 2 2    #i, l, s
spin 1
0.3858 0.0312 -0.0063 0.0391 0.0022
0.0312 0.961 -0.0481 -0.0067 0.0014
-0.0063 -0.0481 0.3804 -0.0554 0.0087
0.0391 -0.0067 -0.0554 0.9602 0.0007
0.0022 0.0014 0.0087 0.0007 0.9682
spin 2
0.3837 0.0312 -0.0069 0.0421 0.0024
0.0312 0.9597 -0.0539 -0.0074 0.0013
-0.0069 -0.0539 0.3778 -0.0556 0.0093
0.0421 -0.0074 -0.0556 0.9596 0.0007
0.0024 0.0013 0.0093 0.0007 0.9682

4 2 2    #i, l, s
spin 1
0.3739 0.0318 -0.0007 0.0047 0.0003
0.0318 0.9608 -0.0041 -0.0007 0.0006
-0.0007 -0.0041 0.3777 -0.0551 -0.0007
0.0047 -0.0007 -0.0551 0.9604 -0.0002
0.0003 0.0006 -0.0007 -0.0002 0.9681
spin 2
0.3812 0.0316 -0.0045 0.0301 0.0017
0.0316 0.965 -0.0298 -0.0045 0.0005
-0.0045 -0.0298 0.3832 -0.0552 0.014
0.0301 -0.0045 -0.0552 0.9577 0.0011
0.0017 0.0005 0.014 0.0011 0.9665

5 2 2    #i, l, s
spin 1
0.5899 0.0207 -0.0045 0.0455 0.0025
0.0207 0.971 -0.0039 -0.0028 -0.0004
-0.0045 -0.0039 0.9868 0.0019 -0.0014
0.0455 -0.0028 0.0019 0.9676 -0.0008
0.0025 -0.0004 -0.0014 -0.0008 0.9799
spin 2
0.4117 -0.0036 -0.0076 0.143 0.0283
-0.0036 0.3457 0.11 -0.0181 0.3802
-0.0076 0.11 0.2715 -0.0701 0.1503
0.143 -0.0181 -0.0701 0.9232 0.0284
0.0283 0.3802 0.1503 0.0284 0.6678

