5  #num of atoms to be specified
1 2 2    #i, l, s
spin 1
0.5159 0.0245 -0.0048 0.0481 0.0027
0.0245 0.9678 -0.0043 -0.0031 0.0009
-0.0048 -0.0043 0.9846 0.0016 -0.0012
0.0481 -0.0031 0.0016 0.9688 -0.0007
0.0027 0.0009 -0.0012 -0.0007 0.9787
spin 2
0.3738 0.0173 -0.003 0.045 0.0091
0.0173 0.6931 0.0238 -0.0069 0.1237
-0.003 0.0238 0.2145 -0.0341 -0.0073
0.045 -0.0069 -0.0341 0.5802 -0.0187
0.0091 0.1237 -0.0073 -0.0187 0.9147

2 2 2    #i, l, s
spin 1
0.3704 0.0321 -0.0021 0.0104 0.0006
0.0321 0.9636 -0.0203 -0.0025 0.0007
-0.0021 -0.0203 0.3768 -0.0555 0.002
0.0104 -0.0025 -0.0555 0.9622 0.0001
0.0006 0.0007 0.002 0.0001 0.9682
spin 2
0.3839 0.0314 -0.0011 0.0135 0.0008
0.0314 0.963 0.0038 -0.0004 0.0011
-0.0011 0.0038 0.3841 -0.0549 0.0101
0.0135 -0.0004 -0.0549 0.958 0.0009
0.0008 0.0011 0.0101 0.0009 0.9632

3 2 2    #i, l, s
spin 1
0.3868 0.0312 -0.006 0.0385 0.0022
0.0312 0.962 -0.0431 -0.0062 0.0011
-0.006 -0.0431 0.3797 -0.0554 0.0082
0.0385 -0.0062 -0.0554 0.9605 0.0006
0.0022 0.0011 0.0082 0.0006 0.9683
spin 2
0.3854 0.031 -0.0068 0.0404 0.0023
0.031 0.9567 -0.0542 -0.0074 0.0018
-0.0068 -0.0542 0.3776 -0.0555 0.0107
0.0404 -0.0074 -0.0555 0.9579 0.0007
0.0023 0.0018 0.0107 0.0007 0.9681

4 2 2    #i, l, s
spin 1
0.3704 0.0321 -0.0021 0.0104 0.0006
0.0321 0.9636 -0.0203 -0.0025 0.0007
-0.0021 -0.0203 0.3768 -0.0555 0.002
0.0104 -0.0025 -0.0555 0.9622 0.0001
0.0006 0.0007 0.002 0.0001 0.9682
spin 2
0.3839 0.0314 -0.0011 0.0135 0.0008
0.0314 0.963 0.0038 -0.0004 0.0011
-0.0011 0.0038 0.3841 -0.0549 0.0101
0.0135 -0.0004 -0.0549 0.958 0.0009
0.0008 0.0011 0.0101 0.0009 0.9632

5 2 2    #i, l, s
spin 1
0.5159 0.0245 -0.0048 0.0481 0.0027
0.0245 0.9678 -0.0043 -0.0031 0.0009
-0.0048 -0.0043 0.9846 0.0016 -0.0012
0.0481 -0.0031 0.0016 0.9688 -0.0007
0.0027 0.0009 -0.0012 -0.0007 0.9787
spin 2
0.3738 0.0173 -0.003 0.045 0.0091
0.0173 0.6931 0.0238 -0.0069 0.1237
-0.003 0.0238 0.2145 -0.0341 -0.0073
0.045 -0.0069 -0.0341 0.5802 -0.0187
0.0091 0.1237 -0.0073 -0.0187 0.9147

